"No.","Exon / Intron","Start","End","Start Phase","End Phase","Length","Sequence"
"","5' upstream sequence","","","","","","                              {""provisional"":{""legend"":{""_messages"":[],""exons/Introns"":{""flanking"":{""label"":""#008000"",""default"":null,""class"":""ef"",""text"":""Flanking sequence""}}},""expect"":[],""seq"":[{""style"":[1]}],""flourishes"":{},""ref"":{""style"":[[0,""""],[0,""color:#008000""]]}},""url"":""/Homo_sapiens/Component/Transcript/Exons/exons?db=core;g=ENSG00000102125;r=X:154411524-154421726;t=ENST00000601016;time=1704903991711.711;adorn=only""}                ..........cccgtgcgcgctttgcgacagtcggtcgggctgggcaccggcgcaggttc                "
"1","ENSE00003022330","154,411,539","154,411,952","-","1","414","                              {""url"":""/Homo_sapiens/Component/Transcript/Exons/exons?db=core;g=ENSG00000102125;r=X:154411524-154421726;t=ENST00000601016;time=1704903991711.711;adorn=only"",""provisional"":{""expect"":[],""legend"":{""_messages"":[],""exons/Introns"":{""flanking"":{""label"":""#008000"",""default"":null,""class"":""ef"",""text"":""Flanking sequence""},""utr"":{""label"":""#cd6839"",""default"":null,""class"":""eu"",""text"":""UTR""},""exon1"":{""default"":null,""label"":""#1044ee"",""text"":""Translated sequence"",""class"":""e1""}}},""seq"":[{""style"":[2]},-4,{""style"":[2,-4,1]},{""style"":[1,-53,0]}],""flourishes"":{},""ref"":{""style"":[[0,""""],[0,""color:#1044ee""],[7,""cd6839""]]}}}                GCTTTCCGGCGGTTGCACCGGGCCGGGGTGCCAGCGCCCGCCTTCCCGTTTCCTCCCGTTCCGCAGCGCGCCCACGGCCTGTGACCCCGGCGACCGCTCCCCAGTGACGAGAGAGCGGGGCCGGGCGCTGCTCCGGCCTGACCTGCGAAGGGACCTCGGTCCAGTCCCCTGTTGCGCCGCGCCCCCGTCCGTCCGTGCGCGGGCCAGTCAGGGGCCAGTGTCTCGAGCGGTCGAGGTCGCAGACCTAGAGGCGCCCCACAGGCCGGCCCGGGGCGCTGGGAGCGCCGGCCGCGGGCCGGGTGGGGATGCCTCTGCACGTGAAGTGGCCGTTCCCCGCGGTGCCGCCGCTCACCTGGACCCTGGCCAGCAGCGTCGTCATGGGCTTGGTGGGCACCTACAGCTGCTTCTGGACCA                      "
" ","Intron 1-2","154,411,953","154,412,085","","","133","                              {""provisional"":{""flourishes"":{},""ref"":{""style"":[[0,""""],[0,""color:#aaaaaa""]]},""expect"":[],""legend"":{""_messages"":[],""exons/Introns"":{""exon1"":{""default"":null,""label"":""#1044ee"",""text"":""Translated sequence"",""class"":""e1""},""intron"":{""text"":""Intron sequence"",""class"":""ei"",""default"":null,""label"":""#aaaaaa""},""flanking"":{""label"":""#008000"",""default"":null,""class"":""ef"",""text"":""Flanking sequence""},""utr"":{""label"":""#cd6839"",""default"":null,""class"":""eu"",""text"":""UTR""}}},""seq"":[{""style"":[1]}]},""url"":""/Homo_sapiens/Component/Transcript/Exons/exons?db=core;g=ENSG00000102125;r=X:154411524-154421726;t=ENST00000601016;time=1704903991711.711;adorn=only""}                gtgagtgggcccaggccgaggcagg..........cgcctgacttctccttccccgccag                "
"2","ENSE00003127263","154,412,086","154,412,214","1","1","129","                              {""provisional"":{""ref"":{""style"":[[0,""""],[0,""color:#1044ee""]]},""flourishes"":{},""seq"":[{""style"":[1]},-1,{""style"":[1,-8,0]}],""legend"":{""_messages"":[],""exons/Introns"":{""exon1"":{""default"":null,""label"":""#1044ee"",""text"":""Translated sequence"",""class"":""e1""},""intron"":{""default"":null,""label"":""#aaaaaa"",""text"":""Intron sequence"",""class"":""ei""},""flanking"":{""class"":""ef"",""text"":""Flanking sequence"",""label"":""#008000"",""default"":null},""utr"":{""text"":""UTR"",""class"":""eu"",""default"":null,""label"":""#cd6839""}}},""expect"":[]},""url"":""/Homo_sapiens/Component/Transcript/Exons/exons?db=core;g=ENSG00000102125;r=X:154411524-154421726;t=ENST00000601016;time=1704903991711.711;adorn=only""}                AGTACATGAACCACCTGACCGTGCACAACAGGGAGGTGCTGTACGAGCTCATCGAGAAGCGAGGCCCGGCCACGCCCCTCATCACCGTGTCCAATCACCAGTCCTGCATGGACGACCCTCATCTCTGGG                                                                   "
" ","Intron 2-3","154,412,215","154,413,206","","","992","                              {""provisional"":{""expect"":[],""legend"":{""_messages"":[],""exons/Introns"":{""exon1"":{""text"":""Translated sequence"",""class"":""e1"",""default"":null,""label"":""#1044ee""},""intron"":{""text"":""Intron sequence"",""class"":""ei"",""default"":null,""label"":""#aaaaaa""},""flanking"":{""default"":null,""label"":""#008000"",""text"":""Flanking sequence"",""class"":""ef""},""utr"":{""class"":""eu"",""text"":""UTR"",""label"":""#cd6839"",""default"":null}}},""seq"":[{""style"":[1]}],""flourishes"":{},""ref"":{""style"":[[0,""""],[0,""color:#aaaaaa""]]}},""url"":""/Homo_sapiens/Component/Transcript/Exons/exons?db=core;g=ENSG00000102125;r=X:154411524-154421726;t=ENST00000601016;time=1704903991711.711;adorn=only""}                gtacccgggccagtgtgctgggcag..........gcatgaagcctttcctgtcctctag                "
"3","ENSE00003736420","154,413,207","154,413,252","1","2","46","                              {""url"":""/Homo_sapiens/Component/Transcript/Exons/exons?db=core;g=ENSG00000102125;r=X:154411524-154421726;t=ENST00000601016;time=1704903991711.711;adorn=only"",""provisional"":{""ref"":{""style"":[[0,""""],[0,""color:#1044ee""]]},""flourishes"":{},""seq"":[{""style"":[1,-45,0]}],""expect"":[],""legend"":{""_messages"":[],""exons/Introns"":{""exon1"":{""class"":""e1"",""text"":""Translated sequence"",""label"":""#1044ee"",""default"":null},""intron"":{""text"":""Intron sequence"",""class"":""ei"",""default"":null,""label"":""#aaaaaa""},""flanking"":{""label"":""#008000"",""default"":null,""class"":""ef"",""text"":""Flanking sequence""},""utr"":{""default"":null,""label"":""#cd6839"",""text"":""UTR"",""class"":""eu""}}}}}                GGATCCTGAAACTCCGCCACATCTGGAACCTGAAGTTGATGCGTTG                              "
" ","Intron 3-4","154,413,253","154,413,481","","","229","                              {""provisional"":{""seq"":[{""style"":[1]}],""expect"":[],""legend"":{""_messages"":[],""exons/Introns"":{""exon1"":{""label"":""#1044ee"",""default"":null,""class"":""e1"",""text"":""Translated sequence""},""intron"":{""label"":""#aaaaaa"",""default"":null,""class"":""ei"",""text"":""Intron sequence""},""flanking"":{""label"":""#008000"",""default"":null,""class"":""ef"",""text"":""Flanking sequence""},""utr"":{""text"":""UTR"",""class"":""eu"",""default"":null,""label"":""#cd6839""}}},""ref"":{""style"":[[0,""""],[0,""color:#aaaaaa""]]},""flourishes"":{}},""url"":""/Homo_sapiens/Component/Transcript/Exons/exons?db=core;g=ENSG00000102125;r=X:154411524-154421726;t=ENST00000601016;time=1704903991711.711;adorn=only""}                gtgaggaggaatgggcccctcgaag..........actaattgcatctgtccctgcttag                "
"4","ENSE00003017673","154,413,482","154,413,567","2","1","86","                              {""provisional"":{""seq"":[{""style"":[1]},{""style"":[1,-25,0]}],""expect"":[],""legend"":{""_messages"":[],""exons/Introns"":{""exon1"":{""text"":""Translated sequence"",""class"":""e1"",""default"":null,""label"":""#1044ee""},""intron"":{""default"":null,""label"":""#aaaaaa"",""text"":""Intron sequence"",""class"":""ei""},""flanking"":{""class"":""ef"",""text"":""Flanking sequence"",""label"":""#008000"",""default"":null},""utr"":{""label"":""#cd6839"",""default"":null,""class"":""eu"",""text"":""UTR""}}},""ref"":{""style"":[[0,""""],[0,""color:#1044ee""]]},""flourishes"":{}},""url"":""/Homo_sapiens/Component/Transcript/Exons/exons?db=core;g=ENSG00000102125;r=X:154411524-154421726;t=ENST00000601016;time=1704903991711.711;adorn=only""}                GACCCCTGCAGCTGCAGACATCTGCTTCACCAAGGAGCTACACTCCCACTTCTTCAGCTTGGGCAAGTGTGTGCCTGTGTGCCGAG                                                  "
" ","Intron 4-5","154,413,568","154,414,100","","","533","                              {""url"":""/Homo_sapiens/Component/Transcript/Exons/exons?db=core;g=ENSG00000102125;r=X:154411524-154421726;t=ENST00000601016;time=1704903991711.711;adorn=only"",""provisional"":{""seq"":[{""style"":[1]}],""expect"":[],""legend"":{""_messages"":[],""exons/Introns"":{""exon1"":{""class"":""e1"",""text"":""Translated sequence"",""label"":""#1044ee"",""default"":null},""intron"":{""text"":""Intron sequence"",""class"":""ei"",""default"":null,""label"":""#aaaaaa""},""flanking"":{""label"":""#008000"",""default"":null,""class"":""ef"",""text"":""Flanking sequence""},""utr"":{""default"":null,""label"":""#cd6839"",""text"":""UTR"",""class"":""eu""}}},""ref"":{""style"":[[0,""""],[0,""color:#aaaaaa""]]},""flourishes"":{}}}                gtgagctgctcctccagcgagtgca..........atccagattgctccttcctctgcag                "
"5","ENSE00003050674","154,414,101","154,414,190","1","1","90","                              {""provisional"":{""flourishes"":{},""ref"":{""style"":[[0,""""],[0,""color:#1044ee""]]},""legend"":{""_messages"":[],""exons/Introns"":{""exon1"":{""default"":null,""label"":""#1044ee"",""text"":""Translated sequence"",""class"":""e1""},""intron"":{""label"":""#aaaaaa"",""default"":null,""class"":""ei"",""text"":""Intron sequence""},""flanking"":{""text"":""Flanking sequence"",""class"":""ef"",""default"":null,""label"":""#008000""},""utr"":{""default"":null,""label"":""#cd6839"",""text"":""UTR"",""class"":""eu""}}},""expect"":[],""seq"":[{""style"":[1]},{""style"":[1,-29,0]}]},""url"":""/Homo_sapiens/Component/Transcript/Exons/exons?db=core;g=ENSG00000102125;r=X:154411524-154421726;t=ENST00000601016;time=1704903991711.711;adorn=only""}                GAGCAGAATTTTTCCAAGCAGAGAATGAGGGGAAAGGTGTTCTAGACACAGGCAGGCACATGCCAGGTGCTGGAAAAAGAAGAGAGAAAG                                              "
" ","Intron 5-6","154,414,191","154,419,542","","","5,352","                              {""provisional"":{""flourishes"":{},""ref"":{""style"":[[0,""""],[0,""color:#aaaaaa""]]},""expect"":[],""legend"":{""_messages"":[],""exons/Introns"":{""exon1"":{""label"":""#1044ee"",""default"":null,""class"":""e1"",""text"":""Translated sequence""},""intron"":{""text"":""Intron sequence"",""class"":""ei"",""default"":null,""label"":""#aaaaaa""},""flanking"":{""class"":""ef"",""text"":""Flanking sequence"",""label"":""#008000"",""default"":null},""utr"":{""text"":""UTR"",""class"":""eu"",""default"":null,""label"":""#cd6839""}}},""seq"":[{""style"":[1]}]},""url"":""/Homo_sapiens/Component/Transcript/Exons/exons?db=core;g=ENSG00000102125;r=X:154411524-154421726;t=ENST00000601016;time=1704903991711.711;adorn=only""}                gtaagccaggcatagcggttcacac..........atagggagaggccttttccttgcag                "
"6","ENSE00003154518","154,419,543","154,419,623","1","1","81","                              {""provisional"":{""ref"":{""style"":[[0,""""],[0,""color:#1044ee""]]},""flourishes"":{},""seq"":[{""style"":[1]},{""style"":[1,-20,0]}],""expect"":[],""legend"":{""_messages"":[],""exons/Introns"":{""exon1"":{""text"":""Translated sequence"",""class"":""e1"",""default"":null,""label"":""#1044ee""},""intron"":{""label"":""#aaaaaa"",""default"":null,""class"":""ei"",""text"":""Intron sequence""},""flanking"":{""default"":null,""label"":""#008000"",""text"":""Flanking sequence"",""class"":""ef""},""utr"":{""label"":""#cd6839"",""default"":null,""class"":""eu"",""text"":""UTR""}}}},""url"":""/Homo_sapiens/Component/Transcript/Exons/exons?db=core;g=ENSG00000102125;r=X:154411524-154421726;t=ENST00000601016;time=1704903991711.711;adorn=only""}                GAGATGGCGTCTACCAGAAGGGGATGGACTTCATTTTGGAGAAGCTCAACCATGGGGACTGGGTGCATATCTTCCCAGAAG                                                       "
" ","Intron 6-7","154,419,624","154,419,704","","","81","                              {""url"":""/Homo_sapiens/Component/Transcript/Exons/exons?db=core;g=ENSG00000102125;r=X:154411524-154421726;t=ENST00000601016;time=1704903991711.711;adorn=only"",""provisional"":{""seq"":[{""style"":[1]}],""expect"":[],""legend"":{""_messages"":[],""exons/Introns"":{""exon1"":{""class"":""e1"",""text"":""Translated sequence"",""label"":""#1044ee"",""default"":null},""intron"":{""text"":""Intron sequence"",""class"":""ei"",""default"":null,""label"":""#aaaaaa""},""flanking"":{""text"":""Flanking sequence"",""class"":""ef"",""default"":null,""label"":""#008000""},""utr"":{""text"":""UTR"",""class"":""eu"",""default"":null,""label"":""#cd6839""}}},""ref"":{""style"":[[0,""""],[0,""color:#aaaaaa""]]},""flourishes"":{}}}                gtcagcagggctgactgggtcgagc..........cctcgcctctgtgctctctcaccag                "
"7","ENSE00003158525","154,419,705","154,419,746","1","1","42","                              {""url"":""/Homo_sapiens/Component/Transcript/Exons/exons?db=core;g=ENSG00000102125;r=X:154411524-154421726;t=ENST00000601016;time=1704903991711.711;adorn=only"",""provisional"":{""expect"":[],""legend"":{""_messages"":[],""exons/Introns"":{""exon1"":{""class"":""e1"",""text"":""Translated sequence"",""label"":""#1044ee"",""default"":null},""intron"":{""default"":null,""label"":""#aaaaaa"",""text"":""Intron sequence"",""class"":""ei""},""flanking"":{""label"":""#008000"",""default"":null,""class"":""ef"",""text"":""Flanking sequence""},""utr"":{""text"":""UTR"",""class"":""eu"",""default"":null,""label"":""#cd6839""}}},""seq"":[{""style"":[1,-41,0]}],""flourishes"":{},""ref"":{""style"":[[0,""""],[0,""color:#1044ee""]]}}}                GGAAAGTGAACATGAGTTCCGAATTCCTGCGTTTCAAGTGGG                                  "
" ","Intron 7-8","154,419,747","154,420,031","","","285","                              {""url"":""/Homo_sapiens/Component/Transcript/Exons/exons?db=core;g=ENSG00000102125;r=X:154411524-154421726;t=ENST00000601016;time=1704903991711.711;adorn=only"",""provisional"":{""flourishes"":{},""ref"":{""style"":[[0,""""],[0,""color:#aaaaaa""]]},""legend"":{""_messages"":[],""exons/Introns"":{""exon1"":{""class"":""e1"",""text"":""Translated sequence"",""label"":""#1044ee"",""default"":null},""intron"":{""class"":""ei"",""text"":""Intron sequence"",""label"":""#aaaaaa"",""default"":null},""flanking"":{""default"":null,""label"":""#008000"",""text"":""Flanking sequence"",""class"":""ef""},""utr"":{""default"":null,""label"":""#cd6839"",""text"":""UTR"",""class"":""eu""}}},""expect"":[],""seq"":[{""style"":[1]}]}}                gtaagggctgctggtctctggccac..........acatttctacctcccccctgggcag                "
"8","ENSE00003787276","154,420,032","154,420,094","1","1","63","                              {""url"":""/Homo_sapiens/Component/Transcript/Exons/exons?db=core;g=ENSG00000102125;r=X:154411524-154421726;t=ENST00000601016;time=1704903991711.711;adorn=only"",""provisional"":{""legend"":{""_messages"":[],""exons/Introns"":{""exon1"":{""default"":null,""label"":""#1044ee"",""text"":""Translated sequence"",""class"":""e1""},""intron"":{""label"":""#aaaaaa"",""default"":null,""class"":""ei"",""text"":""Intron sequence""},""flanking"":{""text"":""Flanking sequence"",""class"":""ef"",""default"":null,""label"":""#008000""},""utr"":{""class"":""eu"",""text"":""UTR"",""label"":""#cd6839"",""default"":null}}},""expect"":[],""seq"":[{""style"":[1]},{""style"":[1,-2,0]}],""flourishes"":{},""ref"":{""style"":[[0,""""],[0,""color:#1044ee""]]}}}                GAATCGGGCGCCTGATTGCTGAGTGTCATCTCAACCCCATCATCCTGCCCCTGTGGCATGTCG                                                                         "
" ","Intron 8-9","154,420,095","154,420,211","","","117","                              {""provisional"":{""flourishes"":{},""ref"":{""style"":[[0,""""],[0,""color:#aaaaaa""]]},""expect"":[],""legend"":{""_messages"":[],""exons/Introns"":{""exon1"":{""text"":""Translated sequence"",""class"":""e1"",""default"":null,""label"":""#1044ee""},""intron"":{""default"":null,""label"":""#aaaaaa"",""text"":""Intron sequence"",""class"":""ei""},""flanking"":{""class"":""ef"",""text"":""Flanking sequence"",""label"":""#008000"",""default"":null},""utr"":{""class"":""eu"",""text"":""UTR"",""label"":""#cd6839"",""default"":null}}},""seq"":[{""style"":[1]}]},""url"":""/Homo_sapiens/Component/Transcript/Exons/exons?db=core;g=ENSG00000102125;r=X:154411524-154421726;t=ENST00000601016;time=1704903991711.711;adorn=only""}                gtgagcctggggacggggacagaga..........tggccttctgtccactgtgctgcag                "
"9","ENSE00003724812","154,420,212","154,420,264","1","0","53","                              {""provisional"":{""ref"":{""style"":[[0,""""],[0,""color:#1044ee""]]},""flourishes"":{},""seq"":[{""style"":[1,-52,0]}],""expect"":[],""legend"":{""_messages"":[],""exons/Introns"":{""exon1"":{""label"":""#1044ee"",""default"":null,""class"":""e1"",""text"":""Translated sequence""},""intron"":{""text"":""Intron sequence"",""class"":""ei"",""default"":null,""label"":""#aaaaaa""},""flanking"":{""default"":null,""label"":""#008000"",""text"":""Flanking sequence"",""class"":""ef""},""utr"":{""default"":null,""label"":""#cd6839"",""text"":""UTR"",""class"":""eu""}}}},""url"":""/Homo_sapiens/Component/Transcript/Exons/exons?db=core;g=ENSG00000102125;r=X:154411524-154421726;t=ENST00000601016;time=1704903991711.711;adorn=only""}                GAATGAATGACGTCCTTCCTAACAGTCCGCCCTACTTCCCCCGCTTTGGACAG                       "
" ","Intron 9-10","154,420,265","154,420,657","","","393","                              {""provisional"":{""legend"":{""_messages"":[],""exons/Introns"":{""exon1"":{""text"":""Translated sequence"",""class"":""e1"",""default"":null,""label"":""#1044ee""},""intron"":{""class"":""ei"",""text"":""Intron sequence"",""label"":""#aaaaaa"",""default"":null},""flanking"":{""default"":null,""label"":""#008000"",""text"":""Flanking sequence"",""class"":""ef""},""utr"":{""text"":""UTR"",""class"":""eu"",""default"":null,""label"":""#cd6839""}}},""expect"":[],""seq"":[{""style"":[1]}],""flourishes"":{},""ref"":{""style"":[[0,""""],[0,""color:#aaaaaa""]]}},""url"":""/Homo_sapiens/Component/Transcript/Exons/exons?db=core;g=ENSG00000102125;r=X:154411524-154421726;t=ENST00000601016;time=1704903991711.711;adorn=only""}                gtgggtggggactgctgaccttcgg..........atcactcttggcggccaccccacag                "
"10","ENSE00003736683","154,420,658","154,420,735","0","0","78","                              {""url"":""/Homo_sapiens/Component/Transcript/Exons/exons?db=core;g=ENSG00000102125;r=X:154411524-154421726;t=ENST00000601016;time=1704903991711.711;adorn=only"",""provisional"":{""flourishes"":{},""ref"":{""style"":[[0,""""],[0,""color:#1044ee""]]},""legend"":{""_messages"":[],""exons/Introns"":{""exon1"":{""default"":null,""label"":""#1044ee"",""text"":""Translated sequence"",""class"":""e1""},""intron"":{""default"":null,""label"":""#aaaaaa"",""text"":""Intron sequence"",""class"":""ei""},""flanking"":{""text"":""Flanking sequence"",""class"":""ef"",""default"":null,""label"":""#008000""},""utr"":{""default"":null,""label"":""#cd6839"",""text"":""UTR"",""class"":""eu""}}},""expect"":[],""seq"":[{""style"":[1]},{""style"":[1,-17,0]}]}}                AAAATCACTGTGCTGATCGGGAAGCCCTTCAGTGCCCTGCCTGTACTCGAGCGGCTCCGGGCGGAGAACAAGTCGGCT                                                          "
" ","Intron 10-11","154,420,736","154,420,902","","","167","                              {""url"":""/Homo_sapiens/Component/Transcript/Exons/exons?db=core;g=ENSG00000102125;r=X:154411524-154421726;t=ENST00000601016;time=1704903991711.711;adorn=only"",""provisional"":{""ref"":{""style"":[[0,""""],[0,""color:#aaaaaa""]]},""flourishes"":{},""seq"":[{""style"":[1]}],""legend"":{""_messages"":[],""exons/Introns"":{""exon1"":{""class"":""e1"",""text"":""Translated sequence"",""label"":""#1044ee"",""default"":null},""intron"":{""class"":""ei"",""text"":""Intron sequence"",""label"":""#aaaaaa"",""default"":null},""flanking"":{""class"":""ef"",""text"":""Flanking sequence"",""label"":""#008000"",""default"":null},""utr"":{""default"":null,""label"":""#cd6839"",""text"":""UTR"",""class"":""eu""}}},""expect"":[]}}                gtgagtttcctcctgggtcccccgt..........ggccatccctggtcctttccctcag                "
